.Random.seed <-
c(10403L, 129L, 334853494L, -1462223200L, -292684957L, 1095831553L, 
-87458960L, -1381600498L, 2123615609L, 1182296331L, -189228486L, 
-1114222276L, 1834942079L, 407905749L, 812129260L, -1026286270L, 
701932189L, -432500969L, 141995646L, -1585541576L, 307706139L, 
1966153337L, -1410606392L, -78918922L, 1286521649L, -2072374429L, 
-659429070L, -1562191228L, -1706412345L, 1022393757L, -594142956L, 
814184378L, 419570181L, -196529185L, -769144218L, -114129424L, 
-1965145325L, 1835461809L, -1923993760L, -988074754L, -61936503L, 
792579003L, -1843567222L, 1394353260L, 1838366191L, -2076985819L, 
-566881572L, -790689614L, 2101201837L, -100102297L, 906484878L, 
535599464L, 420186475L, 545016585L, -2102551144L, -985396026L, 
-339077599L, -975014221L, 88218658L, -1640487404L, 5184151L, 
-1294609267L, 1954994596L, -911654006L, 1108881397L, 807083599L, 
-1191892650L, -1462938624L, -121479869L, 680399073L, -239506864L, 
1828230830L, -141073831L, -1595979157L, -1354350630L, 1696497820L, 
1285501599L, 2140528885L, 1577396620L, -599833502L, 383026237L, 
-93968713L, -1639086754L, -231977832L, -2121508869L, 536272281L, 
-1186439640L, -1553570090L, -660950191L, 160568835L, -1647879790L, 
9758500L, -726332953L, -1146427843L, -194604876L, 1057130266L, 
829140069L, -2069748481L, 241517958L, 979565328L, -159547469L, 
-1814903727L, 1338779648L, -1381500706L, -1462701271L, 1486352091L, 
150207978L, 324896140L, -1504126257L, 1054238341L, -1765112516L, 
-651556846L, -464574707L, 1538786375L, 1977591342L, -1920954488L, 
471796363L, -922428311L, -380174280L, -1077032730L, 445870209L, 
-1970747373L, -1366827070L, -1875744652L, 640040567L, 454188909L, 
1930715140L, 1716443946L, 638419093L, -1240793297L, -1802369482L, 
-1476418976L, -212475741L, -212241471L, -1169457232L, -886584626L, 
1297070137L, 238157387L, 1515406330L, -1337495812L, 805413695L, 
-316691435L, -1178007764L, -1709495294L, -75870499L, 35528151L, 
-746702658L, 1045900024L, 1093677275L, 1645998905L, -1084213624L, 
992035382L, 1589123697L, -190635869L, -1027544590L, 815581508L, 
-1374952953L, -1319702563L, -968754988L, 229787642L, 686899013L, 
1152789407L, -796450522L, 876614064L, -47756717L, -554486415L, 
906957984L, 458929214L, 1020377929L, -62789125L, 2021739978L, 
-499662036L, 481323823L, 648950245L, -420823908L, 1024350450L, 
2050969965L, 1753226919L, -720678706L, 415645224L, 367740459L, 
-1109816247L, -171111080L, -1054493690L, -457607711L, 232841075L, 
-1866908702L, -1514089644L, 1169751639L, -433920435L, 1706678756L, 
-1906183222L, 1515877941L, 1524096143L, 687191446L, -2063021760L, 
1650738179L, 705803809L, -1737187056L, 2105675502L, -1326386535L, 
-1839477973L, 2016859674L, 366640348L, 365310175L, 377675445L, 
-1029793716L, 1949557922L, -1244744707L, -594415369L, -656927202L, 
1794681048L, 1875893307L, -672963111L, 306299752L, -988631402L, 
-2071410671L, -1939052093L, -131787310L, 1469799524L, 1932536743L, 
1344947453L, -446816012L, -683124774L, 1979222821L, 239262271L, 
1152033222L, 990582352L, 390441587L, -619118432L, -1612383556L, 
1648311760L, 1435617122L, 595479272L, -1181428532L, -2125705732L, 
2119743986L, 1080874624L, -759523852L, -439750008L, 1844453178L, 
-1503854768L, -1792525204L, -753011308L, -1740274606L, -1081632288L, 
-242242356L, -1181947744L, 631933314L, 967317736L, -1475716372L, 
-632437444L, -358185870L, 1356369008L, -634629084L, 1241829432L, 
1763926810L, 1421731024L, 1640878908L, -2018762860L, -1768712318L, 
753151424L, -1316146628L, 1718712720L, 1860833826L, 724749576L, 
-1603394932L, 1538000668L, 1285925010L, 1781311872L, 271149588L, 
-1581751512L, -356065734L, 1070748112L, -1054116500L, -314676300L, 
-1535800302L, -1447896608L, 1648008140L, -450541344L, 77774882L, 
97815848L, -2083082740L, 1790458684L, -1273510926L, -1384259856L, 
-1308188092L, -2040549800L, -1873460422L, -303390224L, -1094291780L, 
-1382519532L, 1647228610L, 1458157664L, -1441998980L, 768965584L, 
1320660258L, 1611859624L, 658987916L, 498871484L, -1524021454L, 
1682029120L, 1413034164L, -2055890360L, 668716474L, -1690578416L, 
-1196460308L, -1018460844L, -1051708142L, 2075601312L, -2025589044L, 
1774624352L, 1415498690L, 358050600L, -656118868L, 249560892L, 
979959154L, 228306736L, 1176155428L, 27005752L, -1388491046L, 
1585634192L, 1720683260L, -974269548L, -810688446L, -97070848L, 
760011836L, 1617646928L, -1874734942L, -1089501880L, -2011620596L, 
2123913948L, 1213342034L, -1736349568L, 1664248916L, 486953960L, 
1730211066L, 1446408016L, -758040788L, 1692556660L, 1678524306L, 
-890917792L, -383072884L, -1993030816L, -1212095006L, 1137087400L, 
-998893364L, -323349508L, -1007619662L, 509296112L, -904159292L, 
-202258088L, 1987448186L, -376752208L, 413048252L, -1712253868L, 
-1921120318L, 195487776L, -1978793796L, 419284560L, -1153665054L, 
1031723112L, -1556506548L, -390224644L, 1973573618L, -1647461120L, 
-1640065676L, -839565304L, -282733638L, 1640142288L, -2139451412L, 
1526965652L, 522019282L, 1869420896L, 1344707404L, -1325534944L, 
1071974274L, 1245380328L, 499820780L, -687699908L, -128270478L, 
1796984432L, 534887460L, 1825541944L, -1184596838L, 1778959056L, 
165056700L, -1962049900L, 331837058L, 47988928L, 280487740L, 
1284403344L, -645349854L, -531403768L, 114339084L, -506020708L, 
-5606894L, -1745464448L, -1400494572L, -1209483736L, 600325434L, 
836546000L, 1256274028L, -1342077644L, 1655687826L, 1716223840L, 
1937231692L, -188246048L, -1828861022L, 1935293352L, -1281627764L, 
1460350140L, 317440370L, 64985328L, -1590421436L, -304732840L, 
-932410822L, -1066102928L, -753447876L, -1667239148L, 1137145282L, 
-1514111264L, -1792676996L, -1703836976L, 330505378L, 1427251240L, 
455883020L, 1673755580L, -16618190L, -445898304L, 1062853172L, 
-318705720L, 726133946L, 924119440L, 384012780L, 1089922644L, 
-657148782L, 897925920L, 28287436L, -1610930720L, -1981589822L, 
-1332398040L, -271743316L, 1282953404L, -1437278734L, 1368550704L, 
1499505828L, -299930952L, 489265498L, 1079404944L, -2072356996L, 
-2058827500L, 236846914L, -1690874112L, 41300924L, -2074262704L, 
-423665389L, 873011508L, 1477022530L, -543145129L, 571966113L, 
699822950L, -803795612L, -1348306795L, 1808742847L, 1058663768L, 
-1963388042L, -1822133885L, -401394747L, 1140844770L, -514781872L, 
1749294201L, -1009176661L, 1977865500L, -914972086L, -2054691265L, 
916880009L, 451305118L, -307020980L, 992172829L, 1732668071L, 
32121296L, 247875950L, -1159728101L, 1205165437L, -1389225110L, 
-411558392L, 1089278641L, 1958124835L, 1989389860L, 1119749330L, 
-1222179545L, 1687867249L, 759532982L, 1393079636L, -292195355L, 
526577135L, -457919192L, -1501248122L, 1970807219L, 243875093L, 
262332274L, -1774081088L, 536493097L, -340195173L, -1247357588L, 
-1717662342L, -324370769L, 164406713L, 1260832718L, 181528348L, 
470652557L, -1978247433L, 604330496L, -1593105314L, 1525098283L, 
-204225491L, 607196314L, -1853499304L, -1603465279L, 1654268019L, 
72931732L, 1693571106L, -987525321L, 229855745L, -1139373306L, 
376952644L, 1983752821L, 1129417695L, -2127933640L, -1368762090L, 
-697678557L, -1487931675L, 309382914L, -1265572496L, 1726567705L, 
2003086603L, 428060156L, 1913194026L, -1525363105L, 11890153L, 
116715262L, 1350004460L, -850125251L, 1982754311L, -746552848L, 
1200603534L, 1182599099L, 744485277L, -540184758L, -223636632L, 
53445969L, -1729903037L, -95327420L, 2139715570L, 1865455047L, 
-909034607L, 804877078L, 849692532L, -1807690235L, -340468145L, 
-1994376632L, 738225126L, -188103405L, 311663221L, 1352968274L, 
1789495968L, -645851255L, -362519621L, 1602151436L, -120258150L, 
1164017935L, 691105625L, 1612734958L, -1818424196L, 882243821L, 
1737666455L, 1179867232L, -237127106L, -1650185461L, -1058328179L, 
-907724102L, -305614600L, 1883713185L, 300271187L, 211663220L, 
793657090L, 439162775L, 831625569L, 953983398L, -1713785948L, 
-721105323L, -1345884417L, 878220184L, -1997978442L, 1044779331L, 
87967877L, 1249751330L, 1086226960L, -1091860039L, 160410219L, 
-796539556L, -932989814L, -1021518721L, 98366921L, -265646498L, 
